,0
2AGPGAT120,1.0
2AGPGAT141,1.0
2AGPGAT180,1.0
3HAD160,1.0
3OAR120,1.0
3OAR141,1.0
3OAR161,0.9999999999999997
3OAS140,0.9999999999999997
3OAS161,0.9999999999999997
AACPS5,0.9999999999999997
AACPS6,0.9999999999999997
AACPS9,0.9999999999999997
ABTA,0.9999999999999997
ACACT2r,0.9999999999999997
ACACT3r,0.9999999999999997
ACCOAL,0.9999999999999997
ACOATA,0.9999999999999997
ACOTA,0.9999999999999997
ACPPAT141,0.9999999999999997
ACPPAT161,0.9999999999999997
ADCS,0.0
ADNK1,0.9999999999999999
AGPAT180,-3.573650640877622e-14
ALATRS,0.0
APH140,0.9999999999999959
APH160,0.9999999999999959
APH161,0.9999999999999959
ARGTRS,-1.6146178637058204e-16
ASPTA,0.9999999999999984
ASPTRS,-1.616694738255105e-16
CBPS,1.0000000000000016
CFAS180E,1.0000000000000016
CTECOAI6,1.0000000000000016
DASYN161,0.0
DHFS,0.999999999999996
DUTPDP,0.0
DXPRIi,0.0
E4PD,0.9999999999999987
EAR100x,0.9999999999999987
EAR120y,0.9999999999999987
EAR140y,0.9999999999999987
EAR141x,0.9999999999999987
EAR161y,0.9999999999999987
EAR180x,0.9999999999999987
EAR180y,0.9999999999999987
EAR181y,0.9999999999999987
EAR40y,0.9999999999999987
EAR80y,0.9999999999999987
ECOAH1,0.9999999999999987
ECOAH2,0.9999999999999987
ECOAH6,0.9999999999999987
ECOAH8,0.9999999999999987
EPMEACPR,0.9999999999999987
FUM,0.9999999999999987
G1PACT,0.9999999999999987
G3PAT141,0.0
G3PAT180,0.0
GDMANE,1.0000000000000198
GLNS,0.8137856496831488
GLUSy,0.9999999999999999
GLUTRS,0.9999999999999999
GLYCL,0.9999999999999999
GMAND,0.9999999999999999
GMHEPAT,0.9999999999999999
GPDDA2,0.9999999999999999
GRXR,0.9999550075085047
GTHOr,0.9999999999999999
GTHS,0.0
GTPCI,1.0000000000000084
HBZOPT,1.0000000000000084
HYPOE,1.0000000000000084
I4FE4ST,1.0000000000000084
IMPD,1.0000000000000084
IPMD,1.0000000000000084
LEUTAi,1.0000000000000084
LIPATPT,1.0000000000000084
LYSTRS,0.0
MACPD,0.99999999999999
MAN1PT2,0.99999999999999
MEPCT,0.99999999999999
METAT,0.0
MOADSUx,0.9999999999999976
MPTSS,0.9999999999999976
NDPK3,0.99746995736481
NDPK5,0.9999999999999976
NDPK6,0.9999999999999976
NNAM,0.9999999999999976
NTD10,0.9999999999999976
NTD2,0.9999999999999976
NTD5,0.9999999999999976
NTD7,0.9999999999999976
NTD8,0.9999999999999976
NTP1,0.9999999999999976
NTPP1,0.9999999999999976
OCTDPS,0.0
PFK,0.9999999999999992
PNTK,0.9999999999999992
PPBNGS,0.9999999999999992
PPCDC,0.9999999999999992
PPCK,0.9999999999999992
PSSA160,0.9999999999999992
PSSA180,0.9999999999999992
PYK,0.9999999999999992
PYNP2r,0.9999999999999992
RBFK,4.987271707209242e-16
RNDR1b,0.9999999999999978
RNDR2b,0.9999999999999978
RNDR3,0.9999999999999978
RNDR3b,0.9999999999999978
RNDR4b,0.9999999999999978
RPI,0.9984017143728289
S2FE2SS2,0.9999999999999978
S4FE4ST,0.9999999999999978
SCYSDS,0.9999999999999978
SDPTA,0.9999999999999978
SELNPS,0.9999999999999978
SPMS,0.9999999999999978
SUCOAS,0.9999999999999978
THFAT,0.9999999999999978
TPI,0.9996940391187961
TRDR,0.9999999999999978
VALTRS,3.7029303687365405e-16
THZPSN,0.9999999999999964
2HMHMBQMTm,0.9999999999999964
3DSPHR,0.9999999999999964
ACGAMPM,0.9999999999999964
AHCi,0.9999999999999964
AKGDam,0.9999999999999964
AMETtm,0.9999999999999964
AMID2,0.9999999999999964
ARMT,0.9999999999999964
ASPGLU2m,0.9999999999999964
CITtcm,0.9999999999999964
CTPtm,0.9999999999999964
DESAT16,0.9999999999999964
D_LACDm,0.9999999999999964
ERGSTt,0.9999999999999964
FACOAL180,0.9999999999999964
FAS120,0.9999999999999964
FAS160,0.9999999999999964
FAS161,0.9999999999999964
FAS181,0.9999999999999964
GCC2cm,0.9999999999999964
GLUDxi,0.9999999999999964
GLYCt,0.9996371426626114
HEMEOSm,0.9999999999999964
HPROa,0.9999999999999964
HPROb,0.9999999999999964
ILETRSm,0.9999999999999964
LNS14DM,0.9999999999999964
MCITSm,0.9999999999999964
NAPRT,0.9999999999999964
NFTYROX,0.9999999999999964
ORNTA,0.9999999999999964
PDE5,0.9999999999999964
PI35BP5P_SC,0.9999999999999964
PIN3K_SC,0.9999999999999964
RNTR1,0.9999999999999964
RNTR2,0.9999999999999964
RNTR3,0.9999999999999964
SUCFUMtm,0.9999999999999964
SUCOASm,0.9999999999999964
THFGLUS,0.9999999999999964
THMPPt2m,0.9999999999999964
THRTRSm,0.9999999999999964
VALTRSm,0.9999999999999964
ZYMSTESTH_SC,0.9999999999999964
ZYMSTt,0.9999999999999964
4M2OPLOXRD,0.9999999999999964
GCCa,0.9999999999999964
HEXTT,0.9999999999999964
KAS1,0.9999999999999964
KAS16,0.9999999999999964
KAS3,0.9999999999999964
KAS5,0.9999999999999964
KAS6,0.9999999999999964
KAS7,0.9999999999999964
MOBDabc,0.9999999999999964
SUCD1,0.9999999999999964
URFGTT,0.9999999999999964
ARABDI,0.9999999999999964
NADS1m,0.9999999999999964
OMBZLM6m,0.9999999999999964
BZ12DOX,0.9999999999999964
PDHa,0.9999999999999964
PPNCL,0.9999999999999964
C160SN,0.9999999999999964
C190cSN,0.9999999999999964
KAS_HP2,0.9999999999999964
FRDO2r,0.9999999999999964
CAt4,0.9999999999999964
CAATPS,0.9999999999999964
FAO11,0.9999999999999964
ADK2,0.0
ARGabc,-2.2412053919076295e-16
METDabc,0.9999999999999994
VCACT,0.9999999999999994
DASYN181_9,0.9999999999999994
DASYN182_9_12,0.9999999999999994
DASYN184_6_9_12_15,0.9999999999999994
DES_9,0.9999999999999994
PYK4,0.9999999999999994
FACOAL1821,0.9999999999999994
NDPK7m,0.9999999999999994
NDPK8m,0.9999999999999994
NDPK9m,0.9999999999999994
GRTT2,0.9999999999999994
MDHi2,0.9999999999999994
MDHy,0.9999999999999994
C100SN,0.9999999999999994
FASC160ACP,0.9999999999999994
FASC200ACP,0.9999999999999994
FASC201ACP,0.9999999999999994
MCLORi,0.9999999999999994
CLPNS160,0.9999999999999994
CY_focytb5_c,0.9999999999999994
PE1801829Z12Zt,0.9999999999999994
PE18111Z1829Z12Zt,0.9999999999999994
PE18111Z1835Z9Z12Zt,0.9999999999999994
PE1819Z1819Zt,0.9999999999999994
PE1819Z1845Z9Z12Z15Zt,0.9999999999999994
PGP18111Z160t,0.9999999999999994
AKGICITtm,0.9999999999999994
MALOAAtm,0.9999999999999994
NA1ATPasem,0.9999999999999994
OAACITtm,0.9999999999999994
PIcm,0.9999999999999999
ACOAR3m,0.9999999999999999
ACOAR5m,0.9999999999999999
HPPK_1,0.9999999999999999
AGPATCOA18111Z18111Z,0.9999999999999999
AGPATCOA1819Z160,0.9999999999999999
AGPATCOA1819Z18111Z,0.9999999999999999
AGPATCOA1819Z1819Z,0.9999999999999999
FACOAL18111Z,0.9999999999999999
1AGPEAT1801835Z9Z12Z,0.9999999999999999
1AGPEAT1819Z1829Z12Z,0.9999999999999999
1AGPEAT1819Z1835Z9Z12Z,0.9999999999999999
CDPDAGS1819Z160,0.9999999999999999
ETHAPT1801819Z,0.9999999999999999
ETHAPT18111Z1819Z,0.9999999999999999
LPLPS1AGPE180,0.9999999999999999
LPLPS1AGPE1819Z,0.9999999999999999
PLPSA21801829Z12Z,0.9999999999999999
PLPSA21801845Z9Z12Z15Z,0.9999999999999999
PLPSA218111Z1845Z9Z12Z15Z,0.9999999999999999
GCLDH,0.9999999999999999
GLYTLm,0.9999999999999999
GLUKA,0.9999999999999999
PDHam1mi,0.9999999999999999
AMITKP,0.9999999999999999
MI3PSA,0.9999999999999999
NITR,0.9999999999999999
PROAKGOX1,0.9999999999999999
MTAM,0.9999999999999999
MTAM_nh4,0.9999999999999999
APCPT,0.9999999999999999
APNPT,0.9999999999999999
ATGDm,0.9999999999999999
DAPOP,0.9999999999999999
IMPDm,0.9999999999999999
DHR,0.9999999999999999
DHROm,0.9999999999999999
HYDAm,0.9999999999999999
MOD_4mop,0.9999999999999999
PYDXO_1,0.8723951826969616
CD2t4,0.9999999999999999
DRIBabc,0.9999999999999999
FACOAL140_ISO,0.9999999999999999
FACOAL150_anteiso,0.9999999999999999
FACOAL160_ISO,0.9999999999999999
FACOAL170_ISO,0.9999999999999999
FACOAL170_anteiso,0.9999999999999999
FACOAL180_2,0.9999999999999999
G3PD4,0.8310381747615461
2AGPEAT140,1.0000000000000007
2AGPEAT160,1.0000000000000007
2AGPGAT161,1.0000000000000007
3HAD140,1.0000000000000007
3HAD141,1.0000000000000007
3HAD181,0.9999999999999997
3HAD60,0.9999999999999997
3OAR140,0.9999999999999997
3OAR80,0.9999999999999997
3OAS121,0.9999999999999997
3OAS160,0.9999999999999997
3OAS180,0.9999999999999997
3OAS181,0.9999999999999997
3OAS80,0.9999999999999997
3OXCOAT,0.9999999999999997
AACPS1,0.9999999999999988
AACPS3,0.9999999999999993
AACPS4,0.9999999999999993
AACPS7,0.999941814191128
ACACT1r,0.9999999999999988
ACACT8r,0.9999999999999988
ACCOAC,-5.701769249308678e-16
ACONTa,1.0000000000000016
ACPPAT120,1.0000000000000016
ACPPAT140,1.0000000000000016
ACPPAT160,1.0000000000000016
ACS,-8.996721590419482e-13
ADMDC,0.9999999999999968
ADSL1r,8.37912434711117e-14
AGPAT141,5.320078950546774e-16
AMPTASECG,1.000000000000003
AOXSr2,1.000000000000003
ASNS1,2.1252928447074035e-14
ASPCT,1.000000000000003
CFAS180G,1.000000000000003
CTPS2,1.000000000000003
DADK,1.000000000000003
DASYN120,1.4193452435583315e-12
DASYN141,1.1425438737376835e-12
DASYN160,0.0
DHPS2,0.0
DHQTi,-3.9941424110717984e-13
DMPPS,-1.8058622603250154e-14
DNMPPA,0.9999999999999986
DRPA,0.9999999999999986
DXPS,0.0
EAR120x,0.9999999999999989
EAR140x,0.9999999999999989
EAR141y,0.9999999999999989
EAR160y,0.9999999999999989
ECOAH3,0.9999999999999989
EGMEACPR,0.9999999999999989
ENO,0.9999999999999989
FLVR,0.9999999999999989
FMETTRS,-2.3379506106543893e-15
FMNRx2,-2.132523593931823e-15
G3PAT181,-1.9668939864278276e-13
G3PD2,-1.7559009400362301e-16
G3PD6,0.9999999999999988
GALUi,0.9999999999999988
GAPD,0.9989491734131443
GK1,0.999999999999998
GLUDy,0.999999999999998
GLUN,0.999999999999998
GLYAT,0.999999999999998
GOFUCR,0.999999999999998
GTHPi,0.999999999999998
HETZK,0.999999999999998
HEX1,0.0
HEX7,0.9999999999999998
HXPRT,0.9999999999999998
I2FE2SS,0.9999999999999998
I2FE2SS2,0.9999999999999998
I2FE2ST,0.9999999999999998
I4FE4SR,0.9999999999999998
KAS15,0.9999999999999998
LIPOS,0.9999999999999998
LYSDC,0.9999999999999998
MAN6PI,0.9999999999999998
MCITS,0.9999999999999998
METSOXR2,0.9999999999999998
MTHFC,1.375154887365225e-13
NAMNPP,1.000000000000002
NDPK4,0.0
NTD1,0.9999999999999991
NTPP11,0.9999999999999991
OCTNLL,0.9999999999999991
OGMEACPR,0.9999999999999991
OPMEACPD,0.9999999999999991
OPMEACPR,0.9999999999999991
OXCDC,0.9999999999999991
PFK_2,0.9999999999999991
PGM,0.9999999999999991
PHETRS,-4.916358830767133e-15
PPNCL2,0.9999999999999976
PSSA141,0.9999999999999976
PSSA161,0.9999999999999976
PYAM5PO,0.9999999999999976
REPHACCOAI,0.9999999999999976
SADT2,0.9999999999999976
SERTRS2,0.9999999999999976
SPODM,0.9999999999999976
SUCDi,0.9999999999999976
THIORDXi,0.9999999999999976
TKT1,8.707263182414455e-14
TYRTA,0.9999999999999997
UDCPDPS,0.9999999999999997
UMPK,0.9999999999999997
UPLA4FNT,0.9999999999999997
AOXSr,0.9999999999999997
FLDR,0.9999999999999997
UNK3,0.9999999999999997
ASNTRSm,0.9999999999999997
C22STDS,0.9999999999999997
CITtbm,0.9999999999999997
CYOR_u6m,0.9999999999999997
DAGCPT_SC,0.9999999999999997
DRTPPD,0.0
DXHPScm,1.000000000000002
D_LACDcm,1.000000000000002
ERGSTESTH_SC,1.000000000000002
ETHAPT_SC,1.000000000000002
FACOAL182,1.000000000000002
FAS160COA,1.000000000000002
FAS180,1.000000000000002
FAS240_L,1.000000000000002
FAS80_L,1.000000000000002
FECOSTt,1.000000000000002
FRTT,1.000000000000002
FRUt2,1.000000000000002
GALt2,1.000000000000002
GCC2bim,1.000000000000002
GCCam,1.000000000000002
GCCbim,1.000000000000002
GK2,1.000000000000002
GLUt7m,1.000000000000002
GTHPm,1.000000000000002
HBZOPT6m,1.000000000000002
HEMEOMOm,1.000000000000002
HISTRSm,1.000000000000002
L_LACD2cm,1.000000000000002
MI1PS,0.0
MTHFDm,0.9999999999999971
NNAMrm,0.9999999999999971
PETHCT,0.9999999999999971
PHETRSm,0.9999999999999971
PI3P5K_SC,0.9999999999999971
PI45BP5P_SC,0.9999999999999971
PIt5m,0.9999999999999971
RNTR4,0.9999999999999971
SADT,0.9999999999999971
THIORDXm,0.9999999999999971
AKGDa,0.9999999999999971
AKGDb,0.9999999999999971
Cut1,0.9999999999999971
FORt2,0.9999999999999971
KAS10,0.9999999999999971
KAS19SA,0.9999999999999971
KAS2,0.9999999999999971
KAS20SA,0.9999999999999971
KAS8,0.9999999999999971
LDH_L,0.9999999999999971
MNt2,0.9999999999999971
PIabc,0.9999999999999971
SPMDabc,0.0
SUCD4,0.9999999999999918
UPPDC2,0.9999999999999918
MTHFCm_1,0.9999999999999918
MTHFDm_1,0.9999999999999918
ACS2,0.9999999999999918
CYO1b,0.9999999999999918
ECOAH9ir,0.9999999999999918
FOLD3,0.9999999999999918
GLCOASYNT,0.9999999999999918
GLNTRAT,0.9999999999999918
C181SN,0.9999999999999918
MDH4,0.9999999999999918
PPNCL3,0.9999999999999918
PHYCBOXL,0.9999999999999918
P5CRx,0.9999999999999918
FRDO3r,0.9999999999999918
FE3abc,0.9999999999999918
FAO2,0.9999999999999918
FACOAL80,0.9999999999999918
GLYOX_2,0.8238689902412495
PTRCabc,0.9985172036962973
XYLt2,0.9999999999999938
LPD5,0.9999999999999938
VECOAH,0.9999999999999938
GLUK_syn,0.9999999999999938
POR_1,0.9999999999999938
ACYP,0.9989491734131436
NDPK6m,0.9999999999999989
P5CRm,0.9999999999999989
GLUTRS_Gln,0.9999999999999989
NaKt_1,0.9999999999999989
PPA_1,0.9844034683599585
SLDy,0.999999999999999
ADAPAT,0.999999999999999
ATPS10_3,0.8238596833230001
FASC181ACP,0.999999999999999
FASC220ACP,0.999999999999999
FASC221ACP,0.999999999999999
FASC240ACP,0.999999999999999
FPGS_tm,0.999999999999999
Kt1,0.999999999999999
PFK_ppi,0.999999999999999
PPANA,0.999999999999999
CLPNS161,0.999999999999999
CLPNS180,0.999999999999999
PAIL1819Z160t,0.999999999999999
PE1801819Zt,0.999999999999999
PE1819Z1829Z12Zt,0.999999999999999
PG18111Z160t,0.999999999999999
PG1819Z160t,0.999999999999999
PGP1819Z160t,0.999999999999999
ATP_3h_tm,0.999999999999999
FORtmi,0.999999999999999
MALICITtm,0.999999999999999
OAAICITtm,0.999999999999999
TSULtm,0.999999999999999
ACOAR2m,0.999999999999999
ACOAR4m,0.999999999999999
ACOAR6m,0.999999999999999
1AGPEAT18111Z1819Z,0.999999999999999
PLPSA21801835Z9Z12Z,0.999999999999999
PLPSA218111Z1829Z12Z,0.999999999999999
PLPSA218111Z1835Z9Z12Z,0.999999999999999
PLPSA21819Z1819Z,0.999999999999999
PLPSA21819Z1829Z12Z,0.999999999999999
PLPSA21819Z1835Z9Z12Z,0.999999999999999
G6PI_1,0.999999999999999
PGCM,0.999999999999999
PDHe2r,0.999999999999999
AMITP,0.999999999999999
ITKK,0.999999999999999
MATm,0.999999999999999
G16MT,0.999999999999999
CYOR_q8_m,0.999999999999999
IDPm,0.999999999999999
G6PADH,0.999999999999999
GCPN,0.999999999999999
GMP5N,0.999999999999999
ABFPT,0.999999999999999
SUCLm,0.999999999999999
SUCDH_q8_m,0.999999999999999
MOD_2mhop,0.999999999999999
MOD_3mhtpp,0.999999999999999
PYDXS,0.999999999999999
CA2abc1,0.999999999999999
CYOO3,0.999999999999999
ECOAH2c,0.999999999999999
FACOAL171_anteiso,0.999999999999999
FMETDF,0.999999999999999
LDH2,0.999999999999999
RIBabc1,0.999999999999999
ZN2t4,0.999999999999999
2AGPEAT141,0.999999999999999
2AGPGAT160,0.999999999999999
3HAD121,0.999999999999999
3HAD161,0.999999999999999
3HAD180,0.999999999999999
3HAD80,0.999999999999999
3OAR121,0.999999999999999
3OAR160,0.999999999999999
3OAR180,0.999999999999999
3OAS100,0.999999999999999
3OAS120,0.999999999999999
3OAS60,0.999999999999999
ACACT4r,0.999999999999999
ACACT5r,0.999999999999999
ACPPAT180,0.999999999999999
ADK3,0.999999999999999
ADNCYC,0.999999999999999
ADSK,0.999999999999999
ADSS,2.909218652843695e-14
AGMT,0.999999999999999
AGPAT161,-5.536527051621525e-16
ALATA_D2,0.9999999999999969
ALATA_L2,0.9999999999999969
AMPN,0.9999999999999969
AP4AS,0.9999999999999969
APH141,0.9999999999999969
ARGDC,0.9999999999999969
CDPMEK,0.0
CFAS160E,0.9999999999999967
CS,0.9999999999999967
CSND,0.9999999999999967
CTECOAI7,1.4601212204222862e-11
CTECOAI8,1.3005017870124788e-11
CYSTRS,-4.3332507693065184e-13
DASYN140,5.600732110257746e-14
DGK1,0.999999999999998
DHACOAH,0.999999999999998
DHFR,0.999999999999998
DHORD2,0.999999999999998
DMATT,0.0
DTMPK,0.0
EAR100y,0.9999999999999991
EAR161x,0.9999999999999991
EAR181x,0.9999999999999991
EAR60y,0.9999999999999991
ECOAH4,0.9999999999999991
FADRx2,0.9999999999999991
FCLT,0.9999999999999991
G3PAT160,0.0
G3PD5,0.9999999999999969
G6PDH2r,0.9999999999999969
GHMT2r,0.9999999999999969
GLUCYS,0.0
GLYK,0.999999999999997
GLYOX,0.999999999999997
GMHEPK,0.999999999999997
GMPS2,0.999999999999997
GND,0.999999999999997
GRTT,0.9999999999999966
GUAPRT,0.9999999999999966
HEMEOS,0.9999999999999966
HEX4,0.9999999999999966
HMBS,0.9999999999999966
I2FE2SR,0.9999999999999966
ICYSDS,0.9999999999999966
IPDPS,0.0
LEUTRS,1.7136907572912837e-14
LGTHL,0.8238689902412504
LIPOCT,0.9999999999999966
MECDPS,0.0
METTRS,-5.704541898799568e-16
NADTRHD,0.9999999999999974
NDPK1,0.9976760186350421
NDPK2,0.9999999999999974
NNATr,0.0
NTD4,0.9999999999999956
NTD6,0.9999999999999956
NTPP8,0.9999999999999956
OMCDC,0.9999999999999956
OPHHX,0.9999999999999956
OPMEACPS,0.9999999999999956
ORNDC,0.9999999999999956
OXDHCOAT,0.9999999999999956
P5CR,0.9999999999999956
PAPSR,0.9999999999999956
PDE1,0.9999999999999956
PDE4,0.9999999999999956
PGAMT,0.9999999999999956
PGI,0.9999999999999956
PHETA1,0.9999999999999956
PPC,0.9999999999999956
PSSA140,0.9999999999999956
PSSA181,0.9999999999999956
RNDR2,0.9999999999999956
S2FE2ST,0.9999999999999956
SOTA,0.9999999999999956
THRTRS,6.528261718782947e-16
TKT2,0.9999999999999998
TRPTRS,3.9467036948065214e-16
UAGAAT,0.9999999999999951
UAGDP,0.9999999999999951
UPPDC1,0.9999999999999951
URIDK2r,0.9999999999999951
13GS,0.9999999999999951
2HP6MPMOm,0.9999999999999951
ACCOACrm,0.9999999999999951
ACONT,0.9999999999999951
ACt2r,0.9999999999999951
ADK1m,0.9999999999999951
ALLTAHr,0.9999999999999951
ALPHNH,0.9999999999999951
AMPDA,0.9999999999999951
ARGN,0.9999999999999951
ASPTAm,0.9999999999999951
ATPS3m,0.9999999999999949
ATPtm_H,0.9988006887133312
C22STDSx,0.9999999999999951
CDPDGPm_SC,0.9999999999999951
CHLPCTD,0.9999999999999951
COAtim,0.9999999999999951
CSm,0.9999999999999951
DASYNm_SC,0.9999999999999951
DIPS,0.9999999999999951
EPISTt,0.9999999999999951
ETHAK,0.9999999999999951
FACOAL161,0.9999999999999951
FAS100COA,0.9999999999999951
FAS120COA,-1.4836133234379303e-12
FAS140,1.0000000000004703
FAS140COA,0.9999972803393524
FAS141,1.0000000000004727
FAS260,1.0000000000004727
FECOSTESTH_SC,1.0000000000004727
FTHFLmi,1.0000000000004727
G3PD1ir,1.0000000000004727
G3PD1irm,1.0000000000004727
G3PDm,1.0000000000004727
GAT1_SC,1.0000000000004727
GCC2am,1.0000000000004727
GHMT2rm,1.0000000000004727
GLCt1,-7.713883581841864e-18
GLPT,0.9999999999976569
GLUK,-1.274585860016497e-16
GLUSx,1.0000000000000002
GTHOm,1.0000000000000002
ICDHym,1.0000000000000002
ITCOALm,1.0000000000000002
LNS14DMx,1.0000000000000002
LYSTRSm,1.0000000000000002
MAN1PT,1.0000000000000002
MANt2,1.0000000000000002
METTRSm,1.0000000000000002
NADH2_u6cm,1.0000000000000002
NDPK9,1.0000000000000002
OXO2Ctm,1.0000000000000002
PC,0.9855852831289474
PDE3,1.0000000000000004
PI45BPP_SC,1.0000000000000004
PINOS_SC,1.0000000000000004
PIt2r,1.0000000000000004
PPAm,1.0000000000000002
PPTTm,1.0000000000000002
SERPT,1.0000000000000002
SUCD2_u6m,1.0000000000000002
SUCD3_u6m,1.0000000000000002
THFATm,0.9999999999999998
UREASE,0.9999999999999998
CHLabc,0.9999999999999998
COabc,0.9999999999999998
FORt3,1.056957285924764e-16
GCCb,0.9999999999999968
KAS11,0.9999999999999968
KAS13,0.9999999999999968
KAS17,0.9999999999999968
KAS4,0.9999999999999968
NO2t2r,0.9374056728768199
OIVD1r,0.9999999999999972
OIVD2,0.9999999999999972
PROabc,-1.5138784730392696e-15
PTHPS,0.9999999999999998
RIBabc,0.9999999999999998
UDPDPS,0.9999999999999998
ZNabc,0.9999999999999998
DHFS_1,0.9999999999999998
HBZOPT6,0.9999999999999998
HBZOPT6m_1,0.9999999999999998
GLYOX_1,0.9999999999999998
GLYCL_2,0.9863904787984246
HADPCOADH,1.0000000000000002
MECDPDH,1.0000000000000002
OBDHc,1.0000000000000002
PHACOAOR,1.0000000000000002
PTOLDOX,1.0000000000000002
C180SN,1.0000000000000002
FEDCabc,0.9998176708935992
FORAMD,1.0000000000000002
GLNabc,0.9575642337214508
NTRARz,0.9999999999999966
PSD_HP,0.9999999999999966
PIt,0.995050838938924
PEPCK_re,0.9999999999999993
HMPK4,0.9999999999999993
FAO3,0.9999999999999993
FAO1,0.9999999999999993
TAURabc,0.9999999999999993
MECDPDH_syn,0.9999999999999993
NDPK10,0.9999999999999993
PYK5,0.9999999999999993
AKGMALtm,0.9999999999999993
FACOAL1831,0.9999999999999993
NDPK2m,0.9999999999999993
NDPK4m,0.9999999999999993
ORNTArm,0.9999999999999993
SUCOAS1m,0.9999999999999993
CA2abc,0.9999999999999993
SLDxi2,0.9999999999999993
FASC141ACP,0.9999751338284049
FASC161ACP,0.9999999999999994
CLPNS181,0.9999999999999994
FE2GTPabc,0.9999999999999994
PE1801835Z9Z12Zt,0.9999999999999994
PE1801845Z9Z12Z15Zt,0.9999999999999994
PE18111Z1819Zt,0.9999999999999994
PE18111Z1845Z9Z12Z15Zt,0.9999999999999994
PE1829Z12Z1835Z9Z12Zt,0.9999999999999994
AKGCITtm,-6.007850821256131e-16
PINA1tm,1.0000000000000004
ALATL,1.0000000000000004
ECOAR,-4.137440243800766e-12
CACOAL,0.9999999999999922
GTPCI_2,0.9999999999999922
AGPATCOA18111Z160,0.9999999999999922
FACOAL181_1,0.9999999999999922
1AGPEAT18111Z1829Z12Z,0.9999999999999922
1AGPEAT18111Z1835Z9Z12Z,0.9999999999999922
1AGPEAT18111Z1845Z9Z12Z15Z,0.9999999999999922
1AGPEAT1829Z12Z1835Z9Z12Z,0.9999999999999922
CDPDAGS18111Z160,0.9999999999999922
ETHAPT1819Z1819Z,0.9999999999999922
LPLPS1AGPE18111Z,0.9999999999999922
LPLPS1AGPE1829Z12Z,0.9999999999999922
GLYDHD,0.9999999999999922
ENOm,0.9999999999999922
FBAm,0.9999999999999922
PGIA,0.9999999999999922
PYKm,0.9933463835428387
MI3PSB,0.9999999999999922
ADSHm,0.9999999999999922
APAPTm,0.9999999999999922
G12MT2,0.9999999999999922
G12MT4,0.9999999999999922
GLCNACPT,0.9999999999999922
GLCNACT,0.9999999999999922
AMID_1,0.9999999999999922
DHFR2i,0.9999999999999922
FOLR2_1,0.9999999999999922
CYOO6m,0.9999999999999922
HEMEOSm_1,0.9999999999999922
AGPOP,0.9999999999999922
AGPOPm,0.9999999999999922
ATDAMm,0.9999999999999922
ATDGDm,0.9999999999999922
ATPPHm,0.9999999999999922
GTPOPm,0.9999999999999922
GUAC,0.9999999999999922
D_LACDHm,0.9999999999999922
LLDH_ferr_m,0.9999999999999922
SGOR,0.9999999999999922
SULO,1.0829222394188636e-14
PPCKm,0.9933463835428811
MOD,0.9999999999999999
MOD_3mop,0.9999999999999999
ARGN_1,0.9999999999999999
FACOAL161_ISO,0.9999999999999999
ORNTA_1,0.9999999999999999
PYRIS,0.9999999999999999
2AGPEAT120,0.9999999999999999
2AGPEAT161,0.9999999999999999
2AGPEAT180,0.9999999999999999
2AGPEAT181,0.9999999999999999
2AGPGAT140,0.9999999999999999
2AGPGAT181,0.9999999999999999
3HAD100,0.9999999999999999
3HAD120,0.9999999999999999
3HAD40,0.9999999999999999
3OAR100,0.9999999999999999
3OAR181,1.0000000000000004
3OAR40,1.0000000000000004
3OAR60,1.0000000000000004
3OAS141,1.0000000000000004
AACPS2,0.0
AACPS8,1.0000000000000078
ACACT6r,1.0000000000000078
ACACT7r,1.0000000000000078
ACONTb,1.0000000000000078
ACPPAT181,1.0000000000000078
ACPS1,1.0000000000000078
ADA,1.0000000000000078
ADK1,1.0000000000000215
ADK4,1.0000000000000215
ADSL2r,1.0000000000000215
AGPAT120,0.0
AGPAT140,0.9999999999999866
AGPAT160,0.0
AGPAT181,1.2901016792357134e-14
AKGDH,0.9999999999999828
ALR2,0.9999999999999828
AMMQLT8,0.9999999999999828
AMPTASEPG,0.9999999999999828
AP4AH,0.9999999999999828
APCS,0.9999999999999828
APH120,0.9999999999999828
APH180,0.9999999999999828
APH181,0.9999999999999828
ASNTRS,0.0
CFAS160G,1.0000000000000002
CHORS,8.73897941117401e-16
CPPPGO,0.999999999999997
CYTK1,0.0
CYTK2,0.9999999999999967
DADA,0.9999999999999967
DASYN180,0.0
DASYN181,0.0
DHBS,0.9999999999999996
DHORD5,0.9999999999999996
DHORTS,0.9999999999999996
DNTPPA,0.9999999999999996
DSBDR,0.9999999999999996
DTARTD,0.9999999999999996
EAR121x,0.9999999999999996
EAR121y,0.9999999999999996
EAR160x,0.9999999999999996
EAR40x,0.9999999999999996
EAR60x,0.9999999999999996
EAR80x,0.9999999999999996
ECOAH5,0.9999999999999996
ECOAH7,0.9999999999999996
FOMETRi,0.9999999999999996
FTHFD,0.9999999999999996
G3PAT120,0.0
G3PAT140,1.00000000000002
G3PAT161,0.0
G3PD7,0.9999999999999949
GF6PTA,0.9999999999999949
GLNTRS,0.9993931924437298
GLYTRS,7.926465429773861e-14
GPDDA1,0.9999999999999991
HISTRS,-8.036168915380126e-17
HMPK1,0.999999999999998
ICDHyr,0.999999999999998
ILETRS,-2.190536233334041e-16
KAS14,0.9999999999999994
LIPAMPL,0.9999999999999994
MCOATA,0.9999508638102551
MDH,0.9999999999999994
MECDPDH5,0.9999999999999994
METSOXR1,0.9999999999999994
MN6PP,0.9999999999999994
MTHFD,-6.898725413346036e-16
NADS1,0.9999715292808207
NDPK7,1.0000000000000049
NDPK8,-7.27694578173524e-13
NMNAT,0.9999999999999998
NTD11,0.9999999999999998
NTD3,0.9999999999999998
NTPP2,0.9999999999999998
NTPP9,0.9999999999999998
OGMEACPD,0.9999999999999998
OGMEACPS,0.9999999999999998
OMBZLM,0.9999999999999998
ORPT,0.9999999999999998
PAPSR2,0.9999999999999998
PDH,0.9999999999999998
PDX5POi,0.9999999999999998
PDXPP,0.9999999999999998
PFK_3,-1.0104019503159841e-12
PGK,0.999999999999999
PGMT,0.999999999999999
PMANM,0.999999999999999
PMPK,0.0
PPA,1.0
PPM,0.9624021467485825
PROTRS,-1.5593619154190636e-15
PRPPS,3.1877709882722934e-16
PSSA120,0.999999999999998
PYDAMK,0.999999999999998
PYDXK,0.999999999999998
PYDXNK,0.999999999999998
PYDXPP,0.999999999999998
RNDR1,0.999999999999998
RNDR4,0.999999999999998
RPE,-1.757178743158819e-13
S2FE2SR,0.9999999999999994
S2FE2SS,0.9999999999999994
S4FE4SR,0.9999999999999994
SERTRS,-1.6154316340431677e-16
SUCBZL,0.999999999999998
SULR,0.9999999999999982
THZPSN3,0.9999999999999982
TMDS,0.0
TMPPP,1.000000000000002
TYRTRS,3.3353626636621057e-16
MECDPDH2,0.9999999999999265
2HPMBQMTm,0.9999999999999265
2HPMMBQMOm,0.9999999999999265
3DH5HPBMTm,0.9999999999999265
AKGDbm,0.9999999999999265
ALASm,0.9999999999999265
AMID,0.9999999999999265
AMID3,0.9999999999999265
ASPTRSm,0.9999999999999265
BACCL,0.9999999999999265
CCP2m,0.9999999999999265
CITtam,0.9999999999999454
CRNCARtm,0.9999999999999454
CTPS1,0.9999999999999454
CYOOm,0.9999999999999454
DASYN_SC,0.9999999999999454
DESAT18,0.9999999999999454
EPISTESTH_SC,0.9999999999999454
FACOAL140,0.9999999999999281
FACOAL141,0.9999999999999281
FACOAL160,0.9999999999999281
FACOAL181,0.9999999999999281
FAS100,0.9999999999999281
FAS180COA,0.9999999999999281
FAS80COA_L,0.9999999999999281
FUMm,0.9974726624404832
GAT2_SC,0.9999999999999281
GCCcm,0.9999999999999281
GLYCLm,0.9999999999999281
LANOSTESTH_SC,0.9999999999999281
LANOSTt,0.9999999999999281
MTHFCm,0.9999999999999281
NADH2_u6m,0.9999999999999281
PDE2,0.9999999999999281
PDHm,0.9999999999999281
PI4P5K_SC,0.9999999999999281
PIN4K_SC,0.9999999999999281
PIt2m,0.9999999999999281
PYDXNO,0.9999999999999281
RBFKm,0.9999999999999281
SPRMS,0.9999999999999281
SUCD1m,0.9999999999999281
TRDRm,0.9999999999999281
TRPTA,0.9999999999999281
TYRTAi,0.0
TYRTAim,0.9999999999999993
UTPtm,0.9999999999999993
YUMPS,0.9999999999999993
3M2OBLOXRD,0.9999999999999993
3M2OPLOXRD,0.9999999999999993
ADKd,0.9999999999999993
ATPS4r,0.9999999999999993
FE2abc,0.9999999999999993
GCCc,0.9999999999999993
GLYBabc,0.9999999999999993
KAS12,0.9999999999999993
KAS9,0.9999999999999993
METabc,-8.902892836336407e-16
MG2abc,1.000000000000001
MNabc,1.000000000000001
OIVD3,1.000000000000001
PDHcr,1.000000000000001
PSUDS,1.000000000000001
PFOR,1.000000000000001
GLCOAS,1.000000000000001
AMMQT8_2,1.000000000000001
G6PI2,1.000000000000001
L_LACDm,1.000000000000001
NADS2,1.000000000000001
G3PD,1.000000000000001
G6PBDH,1.000000000000001
MTOLDOX,1.000000000000001
OXOADLR,1.000000000000001
PDHbr,1.000000000000001
AMID4,1.000000000000001
BC10_new,1.000000000000001
C140SN,1.000000000000001
KAS_HP,1.000000000000001
THZSN,1.000000000000001
UDPDPS2,1.000000000000001
HMPK3,1.000000000000001
HMPK2,1.000000000000001
ATPS1,1.000000000000001
ARBt2r,1.000000000000001
FAO10,1.000000000000001
DASYN183_6_9_12,1.000000000000001
DASYN183_9_12_15,1.000000000000001
FNOR,1.000000000000001
GLMS_syn,1.000000000000001
PYK2,1.000000000000001
PYK3,1.000000000000001
CYSTAm,1.000000000000001
FACOAL1832,1.000000000000001
LCYSTATm,1.000000000000001
NDPK3m,1.000000000000001
OIVD3m,1.000000000000001
FRTT2,1.000000000000001
ASNTRAT,1.000000000000001
FASC120ACP,1.000000000000001
FASC140ACP,1.000000000000001
FASC180ACP,1.000000000000001
FASC182ACP,1.000000000000001
PLPS,1.000000000000001
CLPNS120,1.000000000000001
CLPNS140,1.000000000000001
PAIL18111Z160t,1.000000000000001
PE1819Z1835Z9Z12Zt,1.000000000000001
ACCOAtm,0.9557822732382399
OAAAKGtm,0.9999999999999983
CHLSTD78I,0.9999999999999983
CHLSTI_1,0.9999999999999983
COA1819ZD9DS,0.9999999999999983
AATGm,0.9999999999999983
CYSATm,0.9999999999999983
6TINS5MPOR,0.9999999999999983
ACOAR7m,0.9999999999999983
PACOAL,0.9999999999999983
DHFOR,0.9999999999999983
THFOR1,0.9999999999999983
THFOR2,0.9999999999999983
AGPATCOA16018111Z,0.9999999999999983
AGPATCOA1601819Z,0.9999999999999983
AGPATCOA1801819Z,0.9999999999999983
AGPATCOA18111Z1819Z,0.9999999999999983
FACOAL180_1,0.9999999999999983
1AGPEAT1801819Z,0.9999999999999983
1AGPEAT1801829Z12Z,0.9999999999999983
1AGPEAT1801845Z9Z12Z15Z,0.9999999999999983
1AGPEAT1819Z1819Z,0.9999999999999983
1AGPEAT1819Z1845Z9Z12Z15Z,0.9999999999999983
PLPSA21801819Z,0.9999999999999983
PLPSA218111Z1819Z,0.9999999999999983
PLPSA21819Z1845Z9Z12Z15Z,0.9999999999999983
PLPSA21829Z12Z1835Z9Z12Z,0.9999999999999983
PDHam2mi,0.9999999999999983
DOLASNT,0.9999999999999983
DOLPMT,0.9999999999999983
G12MT1,0.9999999999999983
G12MT3,0.9999999999999983
G13MT,0.9999999999999983
NADHOR,0.9999999999999983
HEMEASm,0.9999999999999983
HEMELm,0.9999999999999983
AFAT,0.0
SEAHCYSHYD_1,0.999999999999999
SELTORm,0.999999999999999
SECYSTL,0.999999999999999
SULOm,0.999999999999999
AKGDHe2r,0.999999999999999
MOD_2mbdhl,0.999999999999999
ACTD2,0.999999999999999
CYTB_B3,0.8310381747615383
FACOAL150_ISO,0.9999999999999978
FACOAL171_ISO,0.9999999999999978
G1Dx,0.9999999999999978
IPDPUPT,0.9999999999999978
METSRabc,0.9999999999999978
METSabc,0.9999999999999978
NO2t3,0.9999999999999978
FACOAL_160_m,0.9999999999999978
FE2tm,0.9999999999999978
ATPS3r,0.9599999999999973
UMPKm,0.9999999999999978
AMETt2m,0.9999999999999978
ACOAD6f,0.9999999999999978
HMR_0188,0.9999999999999978
CYOOm2,0.9999999999999978
AGPATACP_OLE_PALM,0.9999999999999978
SULabc,0.9999999999999978
PIt2m_2,0.9999999999999978
ACLSa,0.9999999999999978
THD2,0.9999999999999978
ATPS4m,0.9999999999999978
EAR160_m,0.9999999999999978
ACOAD1fm,0.9999999999999978
ACOAD3f,0.9999999999999978
ACOAD5f,0.9999999999999978
MCOATAm,0.9999999999999978
GNDc,0.9999999999999978
HYDA,0.9999999999999978
TCHOLABCtc,0.9999999999999978
ACOADH100_m,0.9999999999999978
ACOADH120_m,0.9999999999999978
TCHOLAt3,0.9999999999999978
G3PAT1819Z_1,0.9999999999999978
FRDO,0.9999999999999978
NDP3,0.9999999999999978
ACOATAm,0.9999999999999978
THD1m,4.0231571451697725e-15
CAATPS_1,0.9999999999999972
HMR_0180,0.9999999999999972
TSULabc,0.9999999999999972
SMO,0.9999999999999972
PHEMEABCte,0.9999999999999972
LCYSTAT,0.9999999999999972
DNTP,0.9999999999999972
GLYCtm,0.9999999999999972
NIabc,0.9999999999999972
ACOAD4f,0.9999999999999972
3HAD81_m,0.9999999999999972
FBA2,0.9999999999999972
ACOADH80_m,0.9999999999999972
CYTBD,0.9999999999999972
FE2DMT1,0.9999999999999972
NDP3ex,0.7920050004587279
ACOAD2f,0.9999999999999976
r1530,0.9999999999999976
AGPATACP_OLE_HDE,0.9999999999999976
EAR100_m,0.9999999999999976
GLTS_m,0.9999999999999976
UREAt,0.9999999999999976
3HAD121_m,0.9999999999999976
GTHRDt,0.9999999999999976
CDPDAGS_OLE_PALM,0.9999999999999976
PIt9,0.9999999999999976
MI145PK,0.9999999999999976
CYTBO3,0.9999999999999976
EAR140_m,0.9999999999999976
PALFATPtc,0.9999964872113243
ACYP_2,0.9994760164499408
HCGALm,0.9999999999999976
EAR80_m,0.9999999999999976
GLYALDt,0.9999999999999976
ACOAD7f,0.9999955828842739
EAR120_m,0.9999999999999976
EAR40_m,0.9999999999999976
HMR_4422,0.9999999999999976
HEMEti,0.0
EAR60_m,0.9999999999999927
UREAtm,0.9999999999999927
PGKm,0.9999999999999927
r1162,-3.723629586090198e-17
RE2912M,0.9999999999999979
ACOADH160_m,0.9999999999999979
PIt7,0.9999999999999979
ACOADH140_m,0.9999999999999979
ACOAD1f,0.9999999999999979
CYSabc,-1.8364361155464972e-14
3HAD101_m,1.000000000000001
TTDCAFATPc,1.000000000000001
PIt8,1.000000000000001
METHFtm,1.000000000000001
r2136,1.000000000000001
PGLYCP,1.000000000000001
Cuabc,1.000000000000001
URIDK2m,1.000000000000001
ACOADH60_m,1.000000000000001
PA140abcppc,1.000000000000001
MGDGW3DS1839Z12Z15Z1634Z7Z10Zc,1.000000000000001
PA160abcppc,1.000000000000001
MGDGW6DS1829Z12Z1627Z10Z1c,1.000000000000001
TKT2hc,1.000000000000001
MGDGW6DS1829Z12Z1627Z10Z2c,1.000000000000001
PS141abcppc,1.000000000000001
MGDGW6DS1829Z12Z1637Z10Z13Zc,1.000000000000001
PS161abcppc,1.000000000000001
PGD3TDS18111Z1613Ec,1.000000000000001
ENLIPIDAt1exc,1.000000000000001
PGD3TDS1839Z12Z15Z1613Ec,1.000000000000001
METARHODOPSINHc,1.000000000000001
PE140abcppc,1.000000000000001
CEFc,1.000000000000001
ACP1819ZD9DSc,1.000000000000001
PE160abcppc,1.000000000000001
CYO1b_sync,1.000000000000001
3OAS120_1c,1.000000000000001
PE161abcppc,1.000000000000001
CYO1b2pp_sync,0.8799999999999955
3OAS160_1c,1.000000000000017
RHODOPSINIc,1.000000000000017
PG160abcppc,1.000000000000017
ACP1619ZD9DSc,1.000000000000017
PG120abcppc,1.000000000000017
CHITOBptsc,1.000000000000017
PGP120abcppc,1.000000000000017
PG140abcppc,1.000000000000017
PGP141abcppc,1.000000000000017
PG181abcppc,1.000000000000017
CLIPAabctexc,1.000000000000017
KAS14_1c,1.000000000000017
SQLErxc,1.000000000000017
PGP161abcppc,1.000000000000017
PGP180abcppc,1.000000000000017
COLIPAPabctexc,1.000000000000017
AACPS5_1c,1.0000000000000167
AACP1819ZSc,1.0000000000000167
AACPS6_1c,1.0000000000000167
ENLIPAabctexc,1.0000000000000167
AACPS1_1c,1.0000000000000167
AACPS3_1c,1.0000000000000178
PS181abcppc,1.0000000000000178
AACPS4_1c,1.0000000000000169
FACOAL140t2ppc,1.0000000000000169
FACOAL141t2ppc,1.0000000000000169
FACOAL160t2ppc,1.0000000000000169
FACOAL181t2ppc,0.9999987922633738
CHLDA1tuc,1.0000000000000169
FACOAL60t2ppc,1.0000000000000169
CHLDA2tuc,1.0000000000000169
SQDGW3DS1839Z12Z15Z160c,1.0000000000000169
SQDGW6DS1829Z12Z160c,1.0000000000000169
AGPAT1601819Zhc,1.0000000000000169
AGPAT18111Z1819Zhc,1.0000000000000169
AGPAT1819Z18111Zhc,1.0000000000000169
PFKhc,1.0000000000000169
BATHORHODOPSINIc,1.0000000000000169
CU1abcppc,1.0000000000000169
RHODOPSINRTc,1.0000000000000169
DGDGD4DS1829Z12Z1634Z7Z10Zc,1.0000000000000169
DGDGD4DS1839Z12Z15Z1644Z7Z10Z13Zc,1.0000000000000169
CMSc,1.0000000000000167
DGDGD7DS1819Z1617Zc,1.0000000000000167
G3POc,-1.1330253084588484e-15
FACOAL100t2ppc,0.9999999999999999
PGD3TDS1819Z1613Ec,0.9999999999999999
FACOAL161t2ppc,0.9999911618062762
PGD3TDS1829Z12Z1613Ec,0.9999999999999999
FACOAL180t2ppc,0.9999999999999999
DGDGW3DS1819Z1637Z10Z13Zc,0.9999999999999999
ECA4COLIPAabctexc,0.9999999999999999
DGDGW3DS1839Z12Z15Z1634Z7Z10Zc,0.9999999999999999
UREAabcppc,0.9999999999999999
DGDGW3DS1839Z12Z15Z1644Z7Z10Z13Zc,0.9999999999999999
PGW3DS1839Z12Z15Z160c,0.9999999999999999
MI1456PKnc,0.9999999999999999
DGDGW6DS1829Z12Z160c,0.9999999999999999
PGW6DS1829Z12Z160c,0.9999999999999999
NO2Rc,0.9999999999999999
DGDGW6DS1829Z12Z1617Zc,0.9999999999999999
OHPHM6nc,0.9999999999999999
DGDGW6DS1829Z12Z1637Z10Z13Zc,0.9999999999999999
FBA3hic,0.9999999999999999
AGPAT1801819Zhc,0.9999999999999999
AGPAT18111Z160hc,0.9999999999999999
3OAS140_1c,0.9999999999999999
AGPAT1819Z1819Zhc,0.9999999999999999
FACOAL120t2ppc,0.9999999999999999
MGDGD4DS1819Z1644Z7Z10Z13Zc,0.9999999999999999
FACOAL80t2ppc,0.9999999999999999
MGDGD4DS1829Z12Z1644Z7Z10Z13Zc,0.9999999999999999
PA141abcppc,0.9999999999999999
PS120abcppc,0.9999999999999999
MGDGD4DS1839Z12Z15Z1644Z7Z10Z13Zc,0.9999999999999999
PS160abcppc,0.9999999999999999
MGDGW3DS1839Z12Z15Z160c,0.9999999999999999
FEENTER2tppc,0.9999999999999999
FPPShc,0.9999999999999999
HDSc,0.9999999999999999
GLUS_ferrc,0.9999999999999999
DGDGD4DS1819Z1634Z7Z10Zc,0.9999999999999999
DGDGD7DS1829Z12Z1617Zc,0.9999999999999999
TUNGSabcppc,0.9999999999999999
DGDGW3DS1839Z12Z15Z160c,0.9999999999999999
DGDGW3DS1839Z12Z15Z1627Z10Zc,0.9999999999999999
PYRShic,0.9999999999999999
LUMIRHODOPSINIc,0.9999999999999999
DGDGW3DS1829Z12Z1637Z10Z13Zc,0.9999999999999999
DGDGW3DS1839Z12Z15Z1637Z10Z13Z1c,0.9999999999999999
O16A4COLIPAabctexc,0.9999999999999999
DGDGW3DS1839Z12Z15Z1637Z10Z13Z2c,0.9999999999999999
DGDGW6DS1829Z12Z1619Zc,0.9999999999999999
DGDGW6DS1829Z12Z1634Z7Z10Zc,0.9999999999999999
BCAROKTc,0.9999999999999999
CHYA2c,0.9999999999999999
SALCHS4abcppc,0.9999999999999999
MGDGW3DS1839Z12Z15Z1637Z10Z13Z1c,0.9999999999999999
MGDGW3DS1839Z12Z15Z1637Z10Z13Z2c,0.9999999999999999
MGDGW6DS1829Z12Z160c,0.9999999999999999
MGDGW6DS1829Z12Z1644Z7Z10Z13Zc,0.9999999999999999
K2L4Aabcppc,0.9999999999999999
ZHYc,0.9999999999999999
PS140abcppc,0.9999999999999999
K2L4Aabctexc,0.9999999999999999
PA120abcppc,0.9999999999999999
PS180abcppc,0.9999999999999999
PA161abcppc,0.9999999999999999
PA180abcppc,0.9999999999999999
PA181abcppc,0.9999999999999999
MGDGD4DS1839Z12Z15Z1634Z7Z10Zc,0.9999999999999999
MI1345PKnc,0.9999999999999999
CBFCc,0.9999999999999999
SO3abcppc,0.9999999999999999
MGDGD7DS1819Z1617Zc,0.9999999999999999
DGDGD4DS1839Z12Z15Z1634Z7Z10Zc,0.9999999999999999
MGDGD7DS1829Z12Z1617Zc,0.9999999999999999
PE141abcppc,0.9999999999999999
MGDGW3DS1819Z1637Z10Z13Zc,0.9999999999999999
MGDGW3DS1829Z12Z1637Z10Z13Zc,0.9999999999999999
MGDGW3DS1839Z12Z15Z1627Z10Zc,0.9999999999999999
PG161abcppc,0.9999999999999999
MGDGW6DS1829Z12Z1617Zc,0.9999999999999999
MGDGW6DS1829Z12Z1619Zc,0.9999999999999999
PE120abcppc,0.9999999999999999
PGP160abcppc,0.9999999999999999
PE180abcppc,0.9999999999999999
DGDGW6DS1819Z1627Z10Zc,0.9999999999999999
PGP181abcppc,0.9999999999999999
PE181abcppc,0.9999999999999999
DGDGW6DS1829Z12Z1627Z10Z1c,0.9999999999999999
DGDGW6DS1829Z12Z1627Z10Z2c,0.9999999999999999
LIPAabctexc,0.9999999999999999
PG141abcppc,0.9999999999999999
PG180abcppc,0.9999999999999999
CYO1b2_sync,0.9999999999999999
3OAS100_1c,0.9999999999999999
CYO1bpp_sync,0.88
PGP140abcppc,0.9999999999999992
3OAS60_1c,0.9999999999999992
3OAS80_1c,0.9999999999999992
ACOLIPAabctexc,0.9999999999999992
MGDGD4DS1829Z12Z1634Z7Z10Zc,0.9999999999999992
PPBNGS_1c,0.9999999999999992
MGDGW3DS1829Z12Z1644Z7Z10Z13Zc,0.9999999999999992
MGDGW3DS1839Z12Z15Z1644Z7Z10Z13Z1c,0.9999999999999992
LIPACabcppc,0.9999999999999992
MGDGW3DS1839Z12Z15Z1644Z7Z10Z13Z2c,0.9999999999999992
LIPAabcppc,0.9999999999999992
MGDGW6DS1819Z1627Z10Zc,0.9999999999999992
CPPPGO_1c,0.9999999999999992
COLIPAabcppc,0.9999999999999992
COLIPAabctexc,0.9999999999999992
POAThc,4.0961020793728495e-16
CRO4abcppc,0.9999999999999976
CYTMQOR3ppc,0.9999999999999976
FE3Gabcppc,0.9999999999999976
GM1LIPAabcppc,0.9999999999999976
GM2LIPAabcppc,0.9999999999999976
Protein,1.4101589906020898e-15
Protein_t,0.9999999999999982
DM_bm,0.0
EX_lipid_c,0.0
Lipid_prod,0.9999999999999966
dgl_prod7,0.9999999999999966
dgl_prod4,0.9999999999999966
dgl_prod1,0.9999999999999966
dgl_prod5,0.9999999999999966
dgl_prod2,0.9999999999999966
dgl_prod6,0.9999999999999966
dgl_prod8,0.9999999999999966
dgl_prod3,0.9999999999999966
EX_arab__L_e,0.9999999999999966
EX_co2_e,0.9999999999999966
EX_cu_e,0.9999999999999966
EX_cu2_e,0.9999999999999966
EX_cys__L_e,3.786955435046834e-15
EX_ddca_e,1.0000000000001485
EX_enlipa_e,1.0000000000001485
EX_fe3_e,-8.024294288106158e-16
EX_gdp_e,0.7920050004587277
EX_k_e,0.9999999999999997
EX_na1_e,0.9999999999999997
EX_o16a4colipa_e,0.9999999999999997
EX_pheme_e,0.0
EX_ptrc_e,0.9998204291421433
EX_taur_e,0.9999999999999993
EX_ttdca_e,0.9999999999999993
EX_urea_e,0.9999999999999993
EX_zn2_e,0.9999999999999993
EX_ac_e,0.9999999999999993
EX_h_e,0.7647797166645028
EX_cit_e,0.9998176708935983
EX_lipa_cold_e,1.0000000000000007
EX_colipap_e,1.0000000000000007
EX_enter_e,1.0000000000000007
EX_gthrd_e,1.0000000000000007
EX_mg2_e,1.0000000000000007
EX_mn2_e,1.0000000000000007
EX_mobd_e,1.0000000000000007
EX_ocdcea_e,0.9999987922633615
EX_orn_e,1.0000000000000007
EX_pi_e,0.7616281316181339
EX_so4_e,2.4092926915259853e-14
EX_kdo2lipid4_e,0.9999999999999996
EX_h2o_e,0.9690880100651533
EX_ergst_e,0.9999999999999973
EX_hdca_e,0.9999964872113232
EX_hdcea_e,0.9999911618062741
EX_ocdca_e,0.9999999999999973
EX_glyc_e,0.9996371426626128
EX_o2_e,0.7528189546230142
EX_pro__L_e,-8.273663460789977e-15
EX_rib__D_e,1.0000000000000016
EX_so3_e,1.0000000000000016
EX_zymst_e,1.0000000000000016
EX_fru_e,1.0000000000000016
EX_glc__D_e,-1.3559951976667978e-15
EX_drib_e,1.0000000000000315
EX_spmd_e,-5.941637386026948e-16
EX_xyl__D_e,0.9999999999999982
EX_tsul_e,0.9999999999999982
EX_ca2_e,0.9999999999999982
EX_arg__L_e,-8.99729591548321e-16
EX_gal_e,0.9999999999999982
EX_met__D_e,0.9999999999999982
EX_fe2_e,0.9999999999999982
EX_tchola_e,0.9999999999999982
EX_for_e,9.042521703307054e-17
EX_gln__L_e,0.9575642337214516
EX_glyb_e,0.9999999999999969
EX_man_e,0.9999999999999969
EX_gmp_e,0.8818971943668271
EX_ni2_e,0.9999999999999967
EX_pe1801829Z12Z_e,0.9999999999999967
EX_pe18111Z1829Z12Z_e,0.9999999999999967
EX_pe18111Z1835Z9Z12Z_e,0.9999999999999967
EX_pe1819Z1819Z_e,0.9999999999999967
EX_pe1819Z1845Z9Z12Z15Z_e,0.9999999999999967
EX_pgp18111Z160_e,0.9999999999999967
EX_cd2_e,0.9999999999999967
EX_met__L_e,-8.06282739845276e-16
EX_dca_e,0.9999999999999996
EX_chol_e,0.9999999999999996
EX_eca4colipa_e,0.9999999999999996
EX_hxa_e,9.414418866383746e-12
EX_colipa_e,0.999999999999998
EX_lipa_e,0.999999999999998
EX_octa_e,0.9997831540057024
EX_tungs_e,0.9999999999999976
EX_fecost_e,0.9999999999999976
EX_glyald_e,0.9999999999999976
EX_salchs4_e,0.9999999999999976
EX_enlipidA_e,0.9999999999999976
EX_no2_e,0.9374056728768196
EX_cro4_e,0.9999999999999974
EX_pail1819Z160_e,0.9999999999999974
EX_pe1801819Z_e,0.9999999999999974
EX_pe1819Z1829Z12Z_e,0.9999999999999974
EX_pg18111Z160_e,0.9999999999999974
EX_pg1819Z160_e,0.9999999999999974
EX_pgp1819Z160_e,0.9999999999999974
EX_metox__R_e,0.9999999999999974
EX_metox_e,0.9999999999999974
EX_ttdcea_e,0.9999999999999974
EX_acolipa_e,0.9999999999999974
EX_epist_e,0.9999999999999974
EX_cobalt2_e,0.9999999999999974
EX_pe1801835Z9Z12Z_e,0.9999999999999974
EX_pe1801845Z9Z12Z15Z_e,0.9999999999999974
EX_pe18111Z1819Z_e,0.9999999999999974
EX_pe18111Z1845Z9Z12Z15Z_e,0.9999999999999974
EX_pe1829Z12Z1835Z9Z12Z_e,0.9999999999999974
EX_lanost_e,0.9999999999999974
EX_chitob_e,0.9999999999999974
EX_pail18111Z160_e,0.9999999999999974
EX_pe1819Z1835Z9Z12Z_e,0.9999999999999974
EX_pa140_e,0.9999999999999974
EX_pa160_e,0.9999999999999974
EX_ps141_e,0.9999999999999974
EX_ps161_e,0.9999999999999974
EX_LptA_e,0.9999999999999974
EX_enlipidA_LptA_e,0.9999999999999974
EX_pe140_e,0.9999999999999974
EX_pe160_e,0.9999999999999974
EX_pe161_e,0.9999999999999974
EX_pcox_e,0.8800000000000003
EX_pcrd_e,0.8800000000000003
EX_pg160_e,1.000000000000001
EX_pg120_e,1.000000000000001
EX_pgp120_e,1.000000000000001
EX_pg140_e,1.000000000000001
EX_pgp141_e,1.000000000000001
EX_pg181_e,1.000000000000001
EX_pgp161_e,1.000000000000001
EX_pgp180_e,1.000000000000001
EX_ps181_e,1.000000000000001
EX_pa141_e,1.000000000000001
EX_ps120_e,1.000000000000001
EX_ps160_e,1.000000000000001
EX_ps140_e,1.000000000000001
EX_pa120_e,1.000000000000001
EX_ps180_e,1.000000000000001
EX_pa161_e,1.000000000000001
EX_pa180_e,1.000000000000001
EX_pa181_e,1.000000000000001
EX_pe141_e,1.000000000000001
EX_pg161_e,1.000000000000001
EX_pe120_e,1.000000000000001
EX_pgp160_e,1.000000000000001
EX_pe180_e,1.000000000000001
EX_pgp181_e,1.000000000000001
EX_pe181_e,1.000000000000001
EX_pg141_e,1.000000000000001
EX_pg180_e,1.000000000000001
EX_ficytc6_e,0.8800000000000029
EX_focytc6_e,0.8800000000000029
EX_pgp140_e,0.9999999999999952
EX_hghhlipa_e,0.9999999999999952
EX_hghhlipan_e,0.9999999999999952
EX_hemozoin_e,9.686822570123463e-16
EX_lac__L_e,1.542797412518962e-15
EX_protein_e,1.0000000000000033
EX_gua_e,0.9886509149075635
GUAt,0.9886509149075635
EX_dad_2_e,0.9988563614568985
DADNt4,0.9988563614568985
EX_ade_e,1.0000000000000002
ADEt,1.0000000000000002
EX_orot_e,1.0000000000000002
r0839,1.0000000000000002
EX_gsn_e,0.9944424204013692
GSNt,0.9944424204013692
EX_hxan_e,1.0000000000000002
HYXNt,1.0000000000000002
GLYCOX1,-5.827219916740239e-16
LEUtec,-9.712033194567066e-17
PSAT,9.712033194567066e-17
ACSERthi,-3.8848132778268265e-16
PSP,9.712033194567066e-17
METGL,-1.45680497918506e-15
TRPS1,-9.712033194567066e-17
MSULR,-1.45680497918506e-15
THRAL,-1.3596846472393893e-15
trna_thr,-1.45680497918506e-15
TALA,0.9994760164499411
CHORM,3.304535429616913e-16
PAPA1819Z1819Z,0.9999999999999939
FORthi,0.0
trna_leu,3.82637261947895e-16
PEPPIth,-9.565931548697374e-16
EX_leu__L_e,-1.913186309739475e-16
SAT,0.0
SULR_1,-2.571322400289854e-13
G6PBDHh,0.0
RTOT2_cho,1.0000000000000002
ACLSm,1.602396441480714e-15
FE3Ri,0.9999331005469878
HICITDm,2.125609348574113e-16
HPPK2,-8.365196585245843e-16
PUNP5,0.999999999999998
trna_ser,1.822633535395333e-14
FldAct,0.9928772954710424
O2tm,5.716855809820869e-16
ALDD1,1.0000000000000016
trna_lys,0.0
ASADH,-1.6345935719929186e-15
GLNth,0.0
PPNDH,2.451890357989378e-15
PPDK,0.9957911891123449
AGPATCOA_MYRS_MYRS_c,0.9999999999999988
trna_asn,3.8495515021893166e-16
GALh,7.866038006399691e-16
HSDH_h,2.880099570369964e-19
SACCD1,-4.013606404640006e-16
PSCVT,-7.992319295254376e-16
araphe2,-1.9891348991863873e-15
DROPPRy,-5.918055299151476e-16
SHKK,-7.992319295254376e-16
G6PB_pi_th,2.880099570369964e-19
trna_gly,-7.91699361418316e-16
PINOS,3.962872342977335e-16
PHSERt_h,2.880099570369964e-19
DDPA,-7.992319295254376e-16
PYDXO,0.0
PPND,0.9999999999999988
RBPCh,3.970562312683159e-16
H2Ot,0.9713359963621693
FACOAE60,-9.129810195985005e-13
ACHBS,-2.8508849492196892e-16
NTRIR2x,0.9999999999999959
MI1PP,-3.122474870830693e-17
HSK_1,1.2803043736972243e-15
ATPSu,1.9994656207957147e-15
MCITDm,2.730193674310712e-15
PSERT,-5.022685471238962e-15
trna_asp,6.539936468336423e-16
HCITSm,6.514101443221587e-16
trna_met,-5.997400940924851e-16
PFLh,1.3648243489199255e-16
PMDPHT,-1.0541770936111059e-15
GLUPRT,-1.62442850792985e-15
DADNK,0.9988563614568978
GMPR,0.9968240249007788
MAGAH1819Z_c,0.9999999999999992
KARA1im,-1.077774129569806e-13
G3P_pi_thr,7.770670154353287e-14
SHK3Dr,-4.341905602454507e-14
NO2tmt,0.9936297789924717
FUMtm,0.9974726624405554
NTRIR2y,0.9999999999999996
FACOAE141,-1.0074129999325852e-16
OXAGm,-5.779147109886727e-15
HBZOPTm,-8.860632517829056e-16
PGLYDH,5.947630599398764e-16
ANS2,-7.0486290861580215e-15
PTD1INOt,1.3174756901243287e-15
LDH_D,0.9590042712042666
CYSLY3,-1.2574787761170751e-14
ASPTA6,-1.3231679659142358e-14
PRUK,0.9977641331107618
NH4tmt,0.9936297789924727
PRFGS,-3.006573312817768e-16
PRFGCL,-3.006573312817768e-16
DAGAH_OLE_PALM_c,1.0000000000000004
2OXOADPtim,-8.560499248563818e-16
PHEMEtm,5.186439609521175e-16
trna_cys,-1.561679668564112e-16
3MOBtmt,3.3740596390426434e-16
trna_val,-1.2686659793349722e-15
DHAD1m,3.3740596390426434e-16
PGLh,-1.561679668564112e-16
PPND2,1.0000000000000004
ARTFR61,1.308892503575811e-11
ANPRT,-1.1991524649193602e-15
trna_trp,2.8228054035351315e-13
THISAT,1.0126503068654906e-14
RBPC,0.9977641331107596
DB4PS,-1.4559178680099197e-16
H2Oth,2.1119048342409456e-16
NADK2,-5.4655542394348716e-11
CO2tmt,8.959730534478703e-17
PRAIi,-3.135794915965924e-16
CYSS_2,8.959730534478703e-17
ARTCOAL1_cho,0.999001040042462
4HBZtm,-5.021118750124752e-16
QULNS,-2.795959764819467e-12
R07456,0.9999991638526117
GLUth,0.0
OCTAt,0.999783154005705
TMPK,-9.285808030860939e-15
FACOAE180,0.9999903933778916
PGKh,-1.841341764720731e-12
OCTDPtmt,4.332211238097787e-15
PEDS1819Z1829Z12Z,1.0000000000000075
PUNP3,0.9886509149075555
trna_his,0.0
FBA3,-1.499745576303745e-13
THII,-4.1032710705984814e-16
ASPK_1,2.0516355352992407e-16
trna_phe,2.0516355352992407e-16
EX_his__L_e,-4.1032710705984814e-16
trna_ala,-4.1032710705984814e-16
FACOAE120,0.9999999999999984
DHAD2,-5.555290672496332e-16
trna_gln,5.176733967229449e-16
MALtm,0.9666494487951183
RBFSb,6.679804578138643e-16
PGCD,2.2224124639081085e-15
OPHHXm,2.277703856152193e-15
NNDPR,1.7520798893478407e-15
DHQS,0.0
IGPS,1.7520798893478407e-16
NTRIR2xm,0.9936297790058638
RBFSa,0.0
GLUS,-6.185796683606546e-16
trna_tyr,-5.309999216330392e-15
TMPPP_1,-2.1210945201856407e-16
Htu,-2.4353448817570095e-15
trna_pro,-2.3777402892974993e-14
PGDHh,-6.185796683606546e-16
PIt_h,-6.185796683606546e-16
trna_ile,3.0929539646894515e-15
SACCD2,-1.7412796215612035e-15
ARTFR210_cho,1.000000000000002
ACITL,0.9998176708935996
HCO3E,1.3893358760601653e-11
DXYTST,0.0
ASPO2y,3.525070910060508e-13
PRAGSr,0.0
FDMO2,2.842517356814404e-11
trna_arg,5.685034713628808e-11
HIStiDF,0.0
CYSDES,0.0
VALTA,0.0
RTOT6,2.3308642325878114e-09
HACNHm,-2.842517356814404e-11
FACOAE80,0.9999983602025557
PYK_h,-2.3744834283288657e-15
D_LACtm,1.0000000000000007
AATA,-7.038039432995941e-16
KARA2,5.027171023568529e-16
CHRPL,2.0108684094274117e-16
PSP_L,0.0
ASPth,4.0217368188548235e-16
GAPDHh,4.0217368188548235e-16
GLNGLU,-6.032605228282235e-16
PKETF,0.9994760164499433
THRS,2.342353647229109e-15
HMDHPS_c,4.092925913107879e-15
PEDS1829Z12Z1835Z9Z12Z,0.9999999999999966
OPHBDCm,0.0
EX_inositol,0.0
GMPt6,0.996377644256053
ADCL,0.0
DCTPD2,0.0
AASAD2,0.9999999999999979
lipid1,0.9990010400424597
PAPA_OLE_PALM,0.9999999999999997
GARFT,0.0
AMPMS,0.0
PRUK_1,-6.734566881703634e-16
lipid4,-2.389574383070085e-16
G3PT,0.9996371426626176
lipid2,-5.363214080070952e-12
G3PAT140_c,1.0000000000000018
AASAD1,1.0000000000000018
DCTPD,1.0000000000000018
GTPCII,0.0
HXAt3,0.0
THZT,0.0
